0
0
0
0
0
0
0
0
0
0
0
0
0
0
0
0
0
0
0
0
0
0
0
0
0
0
0
0
0
0
0
0
0
0
0
0
0
0
0
0
0
0
0
0
0
0
0
0
0
0
0
0
0
0
0
0
0
0
0
0
0
0
0
0
0
0
0
0
0
0
0
0
0
0
0
0
0
0
0
0
0
0
0
0
0
0
0
0
0
0
0
0
0
0
0
0
0
0
0
0
0
0
0
0
0
0
0
0
0
0
0
0
0
0
0
0
0
0
0.01
0.014084507
0.02
0.02
0.025
0.025
0.027027027
0.027027027
0.028571429
0.028571429
0.028571429
0.029411765
0.03030303
0.03030303
0.03030303
0.03125
0.034482759
0.035714286
0.037037037
0.037037037
0.038834951
0.04
0.04
0.041666667
0.042553191
0.045454545
0.045454545
0.046511628
0.047619048
0.047619048
0.052631579
0.052631579
0.052631579
0.054054054
0.054054054
0.055555556
0.055555556
0.055555556
0.055555556
0.058823529
0.058823529
0.060606061
0.060606061
0.06122449
0.0625
0.0625
0.0625
0.0625
0.0625
0.064171123
0.064516129
0.064516129
0.066666667
0.066666667
0.066666667
0.069444444
0.071428571
0.071428571
0.072289157
0.074074074
0.076923077
0.079365079
0.083333333
0.083333333
0.086206897
0.086206897
0.086206897
0.090909091
0.092592593
0.092592593
0.094339623
0.094339623
0.094339623
0.094339623
0.094339623
0.094339623
0.095238095
0.096385542
0.096774194
0.097222222
0.1
0.1
0.1
0.1
0.101694915
0.103448276
0.103448276
0.103448276
0.103448276
0.105263158
0.106382979
0.107142857
0.107142857
0.108108108
0.109090909
0.109090909
0.109090909
0.111111111
0.111111111
0.111111111
0.111111111
0.112676056
0.115384615
0.117647059
0.117647059
0.12
0.125
0.125
0.125
0.125
0.125
0.130434783
0.130434783
0.131147541
0.137931034
0.139534884
0.142857143
0.142857143
0.144927536
0.148148148
0.153846154
0.166666667
0.166666667
0.166666667
0.173333333
0.183673469
0.1875
0.189189189
0.2
0.205882353
0.206896552
0.214285714
0.214285714
0.216216216
0.217391304
0.225806452
0.227272727
0.230769231
0.230769231
0.23255814
0.291666667
0.318181818
