0
0
0
0
0
0
0
0
0
0
0
0
0
0
0
0
0
0
0
0
0
0
0
0
0
0
0
0
0
0
0
0
0.004761905
0.020652174
0.023076923
0.026470588
0.027272727
0.029230769
0.034782609
0.036
0.042105263
0.042105263
0.042222222
0.043103448
0.044444444
0.047368421
0.047368421
0.047619048
0.048648649
0.049
0.053846154
0.054
0.054285714
0.055555556
0.056
0.05625
0.057142857
0.057142857
0.058333333
0.058333333
0.061538462
0.061538462
0.063636364
0.065116279
0.066197183
0.066666667
0.067586207
0.068518519
0.06875
0.069047619
0.07
0.070833333
0.071428571
0.072727273
0.073333333
0.075
0.075694444
0.076
0.08
0.080952381
0.082352941
0.082608696
0.082608696
0.083333333
0.083333333
0.083333333
0.084848485
0.085714286
0.085714286
0.086486486
0.087234043
0.0875
0.089473684
0.090909091
0.091428571
0.094117647
0.094652406
0.095238095
0.095652174
0.095652174
0.096296296
0.0975
0.1
0.1
0.102941176
0.108823529
0.109090909
0.112121212
0.113043478
0.113793103
0.114285714
0.116
0.116
0.116129032
0.126086957
0.127027027
0.130555556
0.132075472
0.132075472
0.132075472
0.132075472
0.135294118
0.137209302
0.1375
0.139583333
0.142105263
0.1425
0.144444444
0.146296296
0.146296296
0.147619048
0.149056604
0.149056604
0.149514563
0.153448276
0.153448276
0.153448276
0.153448276
0.155263158
0.156140351
0.15625
0.158333333
0.158928571
0.161290323
0.161818182
0.161818182
0.161818182
0.163157895
0.164814815
0.164814815
0.166666667
0.166666667
0.168055556
0.168674699
0.168965517
0.168965517
0.175
0.185714286
0.1875
0.191304348
0.192857143
0.19375
0.193975904
0.195
0.195
0.196296296
0.196610169
0.196666667
0.196875
0.197058824
0.19765625
0.202272727
0.205
0.205172414
0.206666667
0.209090909
0.214285714
0.22
0.223809524
0.225925926
0.225925926
0.229411765
0.233333333
0.233333333
0.235294118
0.238888889
0.240540541
0.242857143
0.243243243
0.244680851
0.24516129
0.247333333
0.25625
0.262962963
0.268421053
0.271428571
0.272222222
0.272222222
0.28
0.283333333
0.284615385
0.2875
0.288095238
0.29
0.293333333
0.29375
0.295833333
0.296
0.3
0.3
0.3
0.304166667
0.304761905
0.30625
0.308450704
0.317241379
0.321428571
0.327868852
0.33
0.330769231
0.333333333
0.334
0.3375
0.342307692
0.348648649
0.354166667
0.365
0.366666667
0.366666667
0.366666667
0.366666667
0.37037037
0.377272727
0.38115942
0.391176471
0.392857143
0.394117647
0.395833333
0.408695652
0.412903226
0.413513514
0.415384615
0.423076923
0.434782609
0.438461538
0.439130435
0.442857143
0.45
0.453061224
0.454545455
0.457142857
0.470833333
0.477777778
0.486363636
0.493023256
0.5
0.53
0.536363636
0.578571429
0.61627907
